36930
32768
36937
32768
36933
32768
36942
32768
36950
32768
36933
32768
36942
32768
36937
32768
36932
32768
36943
32768
36874
32768
36942
32768
36949
32768
36941
32768
36933
32768
36946
32768
36943
32768
36896
32768
36913
32768
36922
32768
36896
32768
36874
32768
28672
16635
8444
36942
32768
36949
32768
36941
32768
36933
32768
36946
32768
36943
32768
36896
32768
36914
32768
36922
32768
36896
32768
36874
32768
28672
16635
8445
4348
12541
8446
61440
